# Code for binarizing expression levels
Rv0081 <- c(0.719928385558296,-0.261143783010792,1.63860832363601,2.32549908734758,2.35075699745488,3.12462734383753,3.33835966943989,2.96084741523703,3.38497955320185,3.91608174751355,2.93407826645935,4.28008231119383,4.184861762178,3.82188372435749,3.35219298610881,2.98347422617249,2.8953214104722,3.58439056932367,1.94241286872709,2.09065701184713,2.67651840888359,3.55553516567296,3.35052709597546,3.51973949982875,2.81714778037545)
Rv0324<- c(0.131328725085413,-0.788667728329494,-0.647509244296894,-1.50776592017138,-0.528697906209697,-0.410006745474018,-0.576562617038265,0.948242993804508,0.375545985186418,-1.07714987365021,1.07049050227927,-0.289468761328982,-0.822677218073874,-0.613870342530579,-0.239911502485252,0.645647805194168,0.206316457589518,-0.601929672014915,1.60589409090238,1.67342346967696,0.867494674057949,-1.11985946540571,-1.30975674909984,-1.38642421566011,-1.08940331813878)
Rv0474<- c(-1.75450920865283,-1.00757667762903,-0.280202036707599,-0.0847686962102052,0.352100169865468,0.754150946724313,0.266511840557986,-0.180032427811417,0.164411799617321,0.713055634317876,0.208255426876984,1.13729958785511,1.10105698573258,1.68625070060826,1.463739156534,1.06984715149998,1.07509744718649,1.53184191113748,-1.50885292042461,-1.96523425902744,0.597020266430596,1.35994147656807,0.580496741718794,-0.163997301797684,-0.747677285435978)
Rv0494<- c(-0.00702509419004419,-2.42518503430874,-2.89590940589552,-2.95999140547264,-1.25181516353544,-3.10041661042498,-2.94100447455243,0.880306058407051,0.335034036759675,-2.71671542197915,0.933476096115417,-2.06295689429703,-2.95300623883596,-2.38784314820215,-0.868379339692118,0.585463329558466,-0.304319392152761,-1.50472921231049,1.69546170957009,1.73580210098467,0.737302767838167,-2.17533706594799,-2.69811516364113,-2.39226902905453,-2.27953100295286)
Rv0653c<- c(-0.0766403821420196,-0.851687287613891,-1.23260101066064,-0.862622144079693,-0.739133897589502,-1.34999742300683,-1.76049979755259,-0.319227675360873,-0.250161729549266,-1.15015371882362,0.0533740102747957,-0.745783574113139,-0.676151053521378,-0.509012680262579,-0.54003730501953,-0.317109535438164,-0.422904900496201,-0.774118889015133,0.449166951438559,0.985268949373015,-0.156403005212367,-1.29854798956143,-1.33949418390648,-0.899085762382697,-1.45546469037916)
Rv0757<- c(0.107262070678092,0.416387704370351,0.570062115726205,0.441694932140385,0.306056102681425,0.345742772876528,0.362670727061175,0.238960751921704,0.0344196719626407,0.553101852348733,0.221111449198956,0.512634934065977,0.685144387040476,0.673460031807133,0.486605755285066,0.500510839165133,0.565367874793687,0.399927581649427,-0.322568439552034,-0.350929946941664,-0.0945290578520738,0.107230026829213,0.100806598463298,-0.0859464827719057,-0.383206487752712)
Rv0967<- c(-0.871091442345434,-0.764886041550607,-0.644592050664906,-0.661808617886862,-0.27833783200264,-0.519931246921726,-0.439634585919555,-0.580176203839407,-0.693579010810227,-0.0962527150177886,-1.09888621418496,-0.17750840903193,-0.108515329600388,0.655463811785719,0.0904770658187289,0.442354361053931,0.858091721306982,1.81185659928354,-0.201548979649724,-0.229359219739364,1.11714795432272,2.2147804996845,2.01266919075696,1.69704885631461,0.840966644915454)
Rv1985c<- c(0.184053096193852,-0.125796785989895,-0.362068596028756,-0.139069951176674,-0.233186830715898,-0.702553762693837,-0.463223188221973,0.701883105947769,0.20822212783299,-0.298475598935311,0.961906831638447,-0.32493682273029,-0.168185780988842,0.272953373833588,0.336791647198104,0.645293346173969,0.444835442700515,0.653840818145203,1.47270607257707,1.35631163805781,1.0606951040978,-0.435118980660748,-0.886199682832126,-1.02943870942862,-1.14853104024794)
Rv1990c<- c(-0.668326467297084,-0.0143524619866145,0.119581922990612,-0.303289231074787,0.17957465247538,-0.0173322341416587,0.0667601229290375,0.420114821175323,0.407108103791709,0.223779954079066,0.481637682977712,0.651447891830559,0.753379635598028,1.37847354749233,1.04621970715526,1.23133823956527,1.41510569145174,1.2892084772355,0.853895492791791,0.830890851083006,1.26570974725122,1.17972602982726,0.839406475841458,0.541338516055232,-0.166875272418778)
Rv1994c<- c(0.652198344159824,1.84279136701914,1.26906684300548,0.791982714825893,0.934033383004633,0.942817034545072,0.999779091132401,0.650099471775477,0.901039994791075,1.55452353722409,0.527227270630344,1.44167042611294,1.41967328381808,1.69703508402693,1.72700161615049,1.90043799533824,2.56302887275853,2.76712980391117,0.819857473470905,0.347784800000548,1.36406084812147,2.09667731802038,2.23038808288782,1.81918079246226,1.22270836306684)
Rv2011c<- c(0.16865797282582,-0.640856330594789,-1.36037920302981,-1.64930116153714,-0.622819593280134,-1.31834456795145,-1.44539777992634,0.303845213838117,-0.136570705979333,-1.10302099560762,1.07880713295196,-1.0080170509969,-1.20348513561244,-0.670447972649247,-0.272673920683089,0.559552118505521,0.00457070759194473,-0.316985888614901,1.41009496317627,1.5538935721101,1.22773325862381,-0.364373054007252,-0.801955643278118,-0.70837786629988,-0.928962977994326)
Rv2021c<- c(-0.158795963571747,0.282155689139928,0.0954692341493982,0.0199366111697632,0.135203744711291,-0.0160622672058508,0.0197504719102929,0.341058150065711,-0.208043494464948,-0.0728474811153954,-0.0252613193404578,0.579830266875676,0.888157740918044,1.61841718679623,1.39085198445619,1.91782386125221,2.23157455244939,2.24247068362338,0.369199699143533,0.205421201501295,1.42818122707118,2.09325416658832,1.91089960007163,1.551976392139,0.758134867307143)
Rv2034<- c(-0.737468085005746,-0.692332116410896,-0.631543248284952,-0.775859076757048,-0.11663190140502,-1.45883584446895,-0.734201664224831,0.598996523293828,0.477204172177087,-0.289003273180323,1.04371742757125,0.516784334642542,0.315265012791865,1.38488901226709,1.2472882796202,1.74215054335551,1.88731784204153,1.8998651652528,1.4769273233921,1.53899033616919,1.7501412233153,2.06352024655737,1.66589544157257,0.934602810685556,0.0684083256323497)
Rv2324<- c(-0.839761073400108,-0.632881147421524,-0.977131299405763,-0.823733858860183,-0.521405695203055,-0.830666825998452,-0.612844714831482,0.0340993166886823,-0.131900049543764,-0.89256660366175,0.21639567692749,-0.450472203379705,-0.18100914138202,0.469916000045277,-0.101747295486655,0.88104074392189,0.694240920020693,0.666329699798296,0.593784416412417,0.595828075208542,0.75960714317967,0.796654334707177,0.154476977917863,-0.0633157545322554,-0.269841444377654)
Rv3132c<- c(-0.0927937825699663,-0.112470771804218,0.26945170066851,0.692081987106449,0.892635643621998,1.41512691551181,2.16981875251626,2.31501127179133,3.28900227321532,3.85716273546572,3.33272852948205,4.35681235661873,4.33996017770778,4.045923052517,3.8085710414679,3.54095895048409,3.63588143734594,3.85531319175295,1.0181257352826,0.584885881316272,1.45811520856821,2.16359418699904,2.22932303962587,2.12189626516469,1.17125364289826)
Rv3133c<- c(-0.0972743412911712,0.202579146626452,0.267510997352719,0.991082198583543,1.42986995191616,2.05616227432761,2.87650860039697,2.90412447178001,4.13146102755686,4.67909187589824,4.51268491073451,5.40892109261841,5.35020269218955,4.87280375123953,4.5495750005784,4.22910008334838,4.43609218020798,4.71728435201518,2.23495488206315,1.46920974326093,2.29642205826025,3.169329401251,3.26200864265817,3.15887132016115,2.02057754898645)
Rv3574<- c(-0.414142719987195,-0.58807191629707,-0.669713753560587,-0.335221091599794,-0.0974464040354097,0.00128209755528923,0.479217968771283,0.489118665027136,0.325100520577054,-0.428090255547501,0.739167573833266,-0.163281393009967,-0.194772009835662,-0.175953918306712,-0.206026129486889,0.29035532430181,0.128916615518399,-0.0024335186108955,0.630940457424461,0.823366129519857,0.257648711862502,-0.625517927220057,-1.18039355022423,-1.15758715897105,-1.65493526312676)
